decoded_bits = {
    8: {
        "saz.wav": (16.938764544358452, 83.31717125913283),
        "saz-riff-v2.wav": (17.51366150682301,80.58222698860502),
        "anatolian-oud.wav": (17.008437252760036,82.97587715008817),
        "oud-melody.wav": (16.92709501526908,83.37461322967387),
        "ney-on-c.wav": (17.366899973543745,81.2632077198533),
        "santour-melody.wav": (17.281431477591408,81.66510985099818),
        "darbuka.wav": (18.23652266614978,77.386875),
        "darbuka2.wav": (17.456976251588628,80.84393521069657),
        "daf.wav": (16.992509449952244,83.05365945891194)
    },
    16: {
        "saz.wav": (35.875346191941865,39.338712967665714),
        "saz-riff-v2.wav": (36.04290992494482,39.15582426289257),
        "anatolian-oud.wav": (35.93005718860828,39.27881307262303),
        "oud-melody.wav": (35.77779566224779,39.44597407070478),
        "ney-on-c.wav": (36.35011367783587,38.824912970231516),
        "santour-melody.wav": (36.13457155271057,39.05650293767312),
        "darbuka.wav": (36.0846844946449,39.109875),
        "darbuka2.wav": (35.75532235533414,39.47078544091372),
        "daf.wav": (35.69328038507021,39.53937766389752)
    },
    32: {
        "saz.wav": (142.4738939615598, 9.905603807257584),
        "saz-riff-v2.wav": (132.59803967546782,10.643368864264675),
        "anatolian-oud.wav": (148.45526744858782,9.5065),
        "oud-melody.wav": (135.82503248159375,10.3905),
        "ney-on-c.wav": (150.89975942261427,9.352500000000001),
        "santour-melody.wav": (133.25370597677272,10.591000000000001),
        "darbuka.wav": (102.07160292921074,13.82625),
        "darbuka2.wav": (111.46077963404933,12.661769114586159),
        "daf.wav": (115.6119562097667,12.20712925787734)
    }
    // #, 64: 700-800 x compression resulted in noise 
}